/*--------------------------------*- C++ -*----------------------------------*\
| =========                 |                                                 |
| \\      /  F ield         | OpenFOAM: The Open Source CFD Toolbox           |
|  \\    /   O peration     | Version:  2.3.0                                 |
|   \\  /    A nd           | Web:      www.OpenFOAM.org                      |
|    \\/     M anipulation  |                                                 |
\*---------------------------------------------------------------------------*/
FoamFile
{
    version     2.0;
    format      ascii;
    class       labelList;
    note        "nPoints: 13122 nCells: 6400 nFaces: 25760 nInternalFaces: 12640";
    location    "constant/polyMesh";
    object      neighbour;
}
// * * * * * * * * * * * * * * * * * * * * * * * * * * * * * * * * * * * * * //


12640
(
1
80
2
81
3
82
4
83
5
84
6
85
7
86
8
87
9
88
10
89
11
90
12
91
13
92
14
93
15
94
16
95
17
96
18
97
19
98
20
99
21
100
22
101
23
102
24
103
25
104
26
105
27
106
28
107
29
108
30
109
31
110
32
111
33
112
34
113
35
114
36
115
37
116
38
117
39
118
40
119
41
120
42
121
43
122
44
123
45
124
46
125
47
126
48
127
49
128
50
129
51
130
52
131
53
132
54
133
55
134
56
135
57
136
58
137
59
138
60
139
61
140
62
141
63
142
64
143
65
144
66
145
67
146
68
147
69
148
70
149
71
150
72
151
73
152
74
153
75
154
76
155
77
156
78
157
79
158
159
81
160
82
161
83
162
84
163
85
164
86
165
87
166
88
167
89
168
90
169
91
170
92
171
93
172
94
173
95
174
96
175
97
176
98
177
99
178
100
179
101
180
102
181
103
182
104
183
105
184
106
185
107
186
108
187
109
188
110
189
111
190
112
191
113
192
114
193
115
194
116
195
117
196
118
197
119
198
120
199
121
200
122
201
123
202
124
203
125
204
126
205
127
206
128
207
129
208
130
209
131
210
132
211
133
212
134
213
135
214
136
215
137
216
138
217
139
218
140
219
141
220
142
221
143
222
144
223
145
224
146
225
147
226
148
227
149
228
150
229
151
230
152
231
153
232
154
233
155
234
156
235
157
236
158
237
159
238
239
161
240
162
241
163
242
164
243
165
244
166
245
167
246
168
247
169
248
170
249
171
250
172
251
173
252
174
253
175
254
176
255
177
256
178
257
179
258
180
259
181
260
182
261
183
262
184
263
185
264
186
265
187
266
188
267
189
268
190
269
191
270
192
271
193
272
194
273
195
274
196
275
197
276
198
277
199
278
200
279
201
280
202
281
203
282
204
283
205
284
206
285
207
286
208
287
209
288
210
289
211
290
212
291
213
292
214
293
215
294
216
295
217
296
218
297
219
298
220
299
221
300
222
301
223
302
224
303
225
304
226
305
227
306
228
307
229
308
230
309
231
310
232
311
233
312
234
313
235
314
236
315
237
316
238
317
239
318
319
241
320
242
321
243
322
244
323
245
324
246
325
247
326
248
327
249
328
250
329
251
330
252
331
253
332
254
333
255
334
256
335
257
336
258
337
259
338
260
339
261
340
262
341
263
342
264
343
265
344
266
345
267
346
268
347
269
348
270
349
271
350
272
351
273
352
274
353
275
354
276
355
277
356
278
357
279
358
280
359
281
360
282
361
283
362
284
363
285
364
286
365
287
366
288
367
289
368
290
369
291
370
292
371
293
372
294
373
295
374
296
375
297
376
298
377
299
378
300
379
301
380
302
381
303
382
304
383
305
384
306
385
307
386
308
387
309
388
310
389
311
390
312
391
313
392
314
393
315
394
316
395
317
396
318
397
319
398
399
321
400
322
401
323
402
324
403
325
404
326
405
327
406
328
407
329
408
330
409
331
410
332
411
333
412
334
413
335
414
336
415
337
416
338
417
339
418
340
419
341
420
342
421
343
422
344
423
345
424
346
425
347
426
348
427
349
428
350
429
351
430
352
431
353
432
354
433
355
434
356
435
357
436
358
437
359
438
360
439
361
440
362
441
363
442
364
443
365
444
366
445
367
446
368
447
369
448
370
449
371
450
372
451
373
452
374
453
375
454
376
455
377
456
378
457
379
458
380
459
381
460
382
461
383
462
384
463
385
464
386
465
387
466
388
467
389
468
390
469
391
470
392
471
393
472
394
473
395
474
396
475
397
476
398
477
399
478
479
401
480
402
481
403
482
404
483
405
484
406
485
407
486
408
487
409
488
410
489
411
490
412
491
413
492
414
493
415
494
416
495
417
496
418
497
419
498
420
499
421
500
422
501
423
502
424
503
425
504
426
505
427
506
428
507
429
508
430
509
431
510
432
511
433
512
434
513
435
514
436
515
437
516
438
517
439
518
440
519
441
520
442
521
443
522
444
523
445
524
446
525
447
526
448
527
449
528
450
529
451
530
452
531
453
532
454
533
455
534
456
535
457
536
458
537
459
538
460
539
461
540
462
541
463
542
464
543
465
544
466
545
467
546
468
547
469
548
470
549
471
550
472
551
473
552
474
553
475
554
476
555
477
556
478
557
479
558
559
481
560
482
561
483
562
484
563
485
564
486
565
487
566
488
567
489
568
490
569
491
570
492
571
493
572
494
573
495
574
496
575
497
576
498
577
499
578
500
579
501
580
502
581
503
582
504
583
505
584
506
585
507
586
508
587
509
588
510
589
511
590
512
591
513
592
514
593
515
594
516
595
517
596
518
597
519
598
520
599
521
600
522
601
523
602
524
603
525
604
526
605
527
606
528
607
529
608
530
609
531
610
532
611
533
612
534
613
535
614
536
615
537
616
538
617
539
618
540
619
541
620
542
621
543
622
544
623
545
624
546
625
547
626
548
627
549
628
550
629
551
630
552
631
553
632
554
633
555
634
556
635
557
636
558
637
559
638
639
561
640
562
641
563
642
564
643
565
644
566
645
567
646
568
647
569
648
570
649
571
650
572
651
573
652
574
653
575
654
576
655
577
656
578
657
579
658
580
659
581
660
582
661
583
662
584
663
585
664
586
665
587
666
588
667
589
668
590
669
591
670
592
671
593
672
594
673
595
674
596
675
597
676
598
677
599
678
600
679
601
680
602
681
603
682
604
683
605
684
606
685
607
686
608
687
609
688
610
689
611
690
612
691
613
692
614
693
615
694
616
695
617
696
618
697
619
698
620
699
621
700
622
701
623
702
624
703
625
704
626
705
627
706
628
707
629
708
630
709
631
710
632
711
633
712
634
713
635
714
636
715
637
716
638
717
639
718
719
641
720
642
721
643
722
644
723
645
724
646
725
647
726
648
727
649
728
650
729
651
730
652
731
653
732
654
733
655
734
656
735
657
736
658
737
659
738
660
739
661
740
662
741
663
742
664
743
665
744
666
745
667
746
668
747
669
748
670
749
671
750
672
751
673
752
674
753
675
754
676
755
677
756
678
757
679
758
680
759
681
760
682
761
683
762
684
763
685
764
686
765
687
766
688
767
689
768
690
769
691
770
692
771
693
772
694
773
695
774
696
775
697
776
698
777
699
778
700
779
701
780
702
781
703
782
704
783
705
784
706
785
707
786
708
787
709
788
710
789
711
790
712
791
713
792
714
793
715
794
716
795
717
796
718
797
719
798
799
721
800
722
801
723
802
724
803
725
804
726
805
727
806
728
807
729
808
730
809
731
810
732
811
733
812
734
813
735
814
736
815
737
816
738
817
739
818
740
819
741
820
742
821
743
822
744
823
745
824
746
825
747
826
748
827
749
828
750
829
751
830
752
831
753
832
754
833
755
834
756
835
757
836
758
837
759
838
760
839
761
840
762
841
763
842
764
843
765
844
766
845
767
846
768
847
769
848
770
849
771
850
772
851
773
852
774
853
775
854
776
855
777
856
778
857
779
858
780
859
781
860
782
861
783
862
784
863
785
864
786
865
787
866
788
867
789
868
790
869
791
870
792
871
793
872
794
873
795
874
796
875
797
876
798
877
799
878
879
801
880
802
881
803
882
804
883
805
884
806
885
807
886
808
887
809
888
810
889
811
890
812
891
813
892
814
893
815
894
816
895
817
896
818
897
819
898
820
899
821
900
822
901
823
902
824
903
825
904
826
905
827
906
828
907
829
908
830
909
831
910
832
911
833
912
834
913
835
914
836
915
837
916
838
917
839
918
840
919
841
920
842
921
843
922
844
923
845
924
846
925
847
926
848
927
849
928
850
929
851
930
852
931
853
932
854
933
855
934
856
935
857
936
858
937
859
938
860
939
861
940
862
941
863
942
864
943
865
944
866
945
867
946
868
947
869
948
870
949
871
950
872
951
873
952
874
953
875
954
876
955
877
956
878
957
879
958
959
881
960
882
961
883
962
884
963
885
964
886
965
887
966
888
967
889
968
890
969
891
970
892
971
893
972
894
973
895
974
896
975
897
976
898
977
899
978
900
979
901
980
902
981
903
982
904
983
905
984
906
985
907
986
908
987
909
988
910
989
911
990
912
991
913
992
914
993
915
994
916
995
917
996
918
997
919
998
920
999
921
1000
922
1001
923
1002
924
1003
925
1004
926
1005
927
1006
928
1007
929
1008
930
1009
931
1010
932
1011
933
1012
934
1013
935
1014
936
1015
937
1016
938
1017
939
1018
940
1019
941
1020
942
1021
943
1022
944
1023
945
1024
946
1025
947
1026
948
1027
949
1028
950
1029
951
1030
952
1031
953
1032
954
1033
955
1034
956
1035
957
1036
958
1037
959
1038
1039
961
1040
962
1041
963
1042
964
1043
965
1044
966
1045
967
1046
968
1047
969
1048
970
1049
971
1050
972
1051
973
1052
974
1053
975
1054
976
1055
977
1056
978
1057
979
1058
980
1059
981
1060
982
1061
983
1062
984
1063
985
1064
986
1065
987
1066
988
1067
989
1068
990
1069
991
1070
992
1071
993
1072
994
1073
995
1074
996
1075
997
1076
998
1077
999
1078
1000
1079
1001
1080
1002
1081
1003
1082
1004
1083
1005
1084
1006
1085
1007
1086
1008
1087
1009
1088
1010
1089
1011
1090
1012
1091
1013
1092
1014
1093
1015
1094
1016
1095
1017
1096
1018
1097
1019
1098
1020
1099
1021
1100
1022
1101
1023
1102
1024
1103
1025
1104
1026
1105
1027
1106
1028
1107
1029
1108
1030
1109
1031
1110
1032
1111
1033
1112
1034
1113
1035
1114
1036
1115
1037
1116
1038
1117
1039
1118
1119
1041
1120
1042
1121
1043
1122
1044
1123
1045
1124
1046
1125
1047
1126
1048
1127
1049
1128
1050
1129
1051
1130
1052
1131
1053
1132
1054
1133
1055
1134
1056
1135
1057
1136
1058
1137
1059
1138
1060
1139
1061
1140
1062
1141
1063
1142
1064
1143
1065
1144
1066
1145
1067
1146
1068
1147
1069
1148
1070
1149
1071
1150
1072
1151
1073
1152
1074
1153
1075
1154
1076
1155
1077
1156
1078
1157
1079
1158
1080
1159
1081
1160
1082
1161
1083
1162
1084
1163
1085
1164
1086
1165
1087
1166
1088
1167
1089
1168
1090
1169
1091
1170
1092
1171
1093
1172
1094
1173
1095
1174
1096
1175
1097
1176
1098
1177
1099
1178
1100
1179
1101
1180
1102
1181
1103
1182
1104
1183
1105
1184
1106
1185
1107
1186
1108
1187
1109
1188
1110
1189
1111
1190
1112
1191
1113
1192
1114
1193
1115
1194
1116
1195
1117
1196
1118
1197
1119
1198
1199
1121
1200
1122
1201
1123
1202
1124
1203
1125
1204
1126
1205
1127
1206
1128
1207
1129
1208
1130
1209
1131
1210
1132
1211
1133
1212
1134
1213
1135
1214
1136
1215
1137
1216
1138
1217
1139
1218
1140
1219
1141
1220
1142
1221
1143
1222
1144
1223
1145
1224
1146
1225
1147
1226
1148
1227
1149
1228
1150
1229
1151
1230
1152
1231
1153
1232
1154
1233
1155
1234
1156
1235
1157
1236
1158
1237
1159
1238
1160
1239
1161
1240
1162
1241
1163
1242
1164
1243
1165
1244
1166
1245
1167
1246
1168
1247
1169
1248
1170
1249
1171
1250
1172
1251
1173
1252
1174
1253
1175
1254
1176
1255
1177
1256
1178
1257
1179
1258
1180
1259
1181
1260
1182
1261
1183
1262
1184
1263
1185
1264
1186
1265
1187
1266
1188
1267
1189
1268
1190
1269
1191
1270
1192
1271
1193
1272
1194
1273
1195
1274
1196
1275
1197
1276
1198
1277
1199
1278
1279
1201
1280
1202
1281
1203
1282
1204
1283
1205
1284
1206
1285
1207
1286
1208
1287
1209
1288
1210
1289
1211
1290
1212
1291
1213
1292
1214
1293
1215
1294
1216
1295
1217
1296
1218
1297
1219
1298
1220
1299
1221
1300
1222
1301
1223
1302
1224
1303
1225
1304
1226
1305
1227
1306
1228
1307
1229
1308
1230
1309
1231
1310
1232
1311
1233
1312
1234
1313
1235
1314
1236
1315
1237
1316
1238
1317
1239
1318
1240
1319
1241
1320
1242
1321
1243
1322
1244
1323
1245
1324
1246
1325
1247
1326
1248
1327
1249
1328
1250
1329
1251
1330
1252
1331
1253
1332
1254
1333
1255
1334
1256
1335
1257
1336
1258
1337
1259
1338
1260
1339
1261
1340
1262
1341
1263
1342
1264
1343
1265
1344
1266
1345
1267
1346
1268
1347
1269
1348
1270
1349
1271
1350
1272
1351
1273
1352
1274
1353
1275
1354
1276
1355
1277
1356
1278
1357
1279
1358
1359
1281
1360
1282
1361
1283
1362
1284
1363
1285
1364
1286
1365
1287
1366
1288
1367
1289
1368
1290
1369
1291
1370
1292
1371
1293
1372
1294
1373
1295
1374
1296
1375
1297
1376
1298
1377
1299
1378
1300
1379
1301
1380
1302
1381
1303
1382
1304
1383
1305
1384
1306
1385
1307
1386
1308
1387
1309
1388
1310
1389
1311
1390
1312
1391
1313
1392
1314
1393
1315
1394
1316
1395
1317
1396
1318
1397
1319
1398
1320
1399
1321
1400
1322
1401
1323
1402
1324
1403
1325
1404
1326
1405
1327
1406
1328
1407
1329
1408
1330
1409
1331
1410
1332
1411
1333
1412
1334
1413
1335
1414
1336
1415
1337
1416
1338
1417
1339
1418
1340
1419
1341
1420
1342
1421
1343
1422
1344
1423
1345
1424
1346
1425
1347
1426
1348
1427
1349
1428
1350
1429
1351
1430
1352
1431
1353
1432
1354
1433
1355
1434
1356
1435
1357
1436
1358
1437
1359
1438
1439
1361
1440
1362
1441
1363
1442
1364
1443
1365
1444
1366
1445
1367
1446
1368
1447
1369
1448
1370
1449
1371
1450
1372
1451
1373
1452
1374
1453
1375
1454
1376
1455
1377
1456
1378
1457
1379
1458
1380
1459
1381
1460
1382
1461
1383
1462
1384
1463
1385
1464
1386
1465
1387
1466
1388
1467
1389
1468
1390
1469
1391
1470
1392
1471
1393
1472
1394
1473
1395
1474
1396
1475
1397
1476
1398
1477
1399
1478
1400
1479
1401
1480
1402
1481
1403
1482
1404
1483
1405
1484
1406
1485
1407
1486
1408
1487
1409
1488
1410
1489
1411
1490
1412
1491
1413
1492
1414
1493
1415
1494
1416
1495
1417
1496
1418
1497
1419
1498
1420
1499
1421
1500
1422
1501
1423
1502
1424
1503
1425
1504
1426
1505
1427
1506
1428
1507
1429
1508
1430
1509
1431
1510
1432
1511
1433
1512
1434
1513
1435
1514
1436
1515
1437
1516
1438
1517
1439
1518
1519
1441
1520
1442
1521
1443
1522
1444
1523
1445
1524
1446
1525
1447
1526
1448
1527
1449
1528
1450
1529
1451
1530
1452
1531
1453
1532
1454
1533
1455
1534
1456
1535
1457
1536
1458
1537
1459
1538
1460
1539
1461
1540
1462
1541
1463
1542
1464
1543
1465
1544
1466
1545
1467
1546
1468
1547
1469
1548
1470
1549
1471
1550
1472
1551
1473
1552
1474
1553
1475
1554
1476
1555
1477
1556
1478
1557
1479
1558
1480
1559
1481
1560
1482
1561
1483
1562
1484
1563
1485
1564
1486
1565
1487
1566
1488
1567
1489
1568
1490
1569
1491
1570
1492
1571
1493
1572
1494
1573
1495
1574
1496
1575
1497
1576
1498
1577
1499
1578
1500
1579
1501
1580
1502
1581
1503
1582
1504
1583
1505
1584
1506
1585
1507
1586
1508
1587
1509
1588
1510
1589
1511
1590
1512
1591
1513
1592
1514
1593
1515
1594
1516
1595
1517
1596
1518
1597
1519
1598
1599
1521
1600
1522
1601
1523
1602
1524
1603
1525
1604
1526
1605
1527
1606
1528
1607
1529
1608
1530
1609
1531
1610
1532
1611
1533
1612
1534
1613
1535
1614
1536
1615
1537
1616
1538
1617
1539
1618
1540
1619
1541
1620
1542
1621
1543
1622
1544
1623
1545
1624
1546
1625
1547
1626
1548
1627
1549
1628
1550
1629
1551
1630
1552
1631
1553
1632
1554
1633
1555
1634
1556
1635
1557
1636
1558
1637
1559
1638
1560
1639
1561
1640
1562
1641
1563
1642
1564
1643
1565
1644
1566
1645
1567
1646
1568
1647
1569
1648
1570
1649
1571
1650
1572
1651
1573
1652
1574
1653
1575
1654
1576
1655
1577
1656
1578
1657
1579
1658
1580
1659
1581
1660
1582
1661
1583
1662
1584
1663
1585
1664
1586
1665
1587
1666
1588
1667
1589
1668
1590
1669
1591
1670
1592
1671
1593
1672
1594
1673
1595
1674
1596
1675
1597
1676
1598
1677
1599
1678
1679
1601
1680
1602
1681
1603
1682
1604
1683
1605
1684
1606
1685
1607
1686
1608
1687
1609
1688
1610
1689
1611
1690
1612
1691
1613
1692
1614
1693
1615
1694
1616
1695
1617
1696
1618
1697
1619
1698
1620
1699
1621
1700
1622
1701
1623
1702
1624
1703
1625
1704
1626
1705
1627
1706
1628
1707
1629
1708
1630
1709
1631
1710
1632
1711
1633
1712
1634
1713
1635
1714
1636
1715
1637
1716
1638
1717
1639
1718
1640
1719
1641
1720
1642
1721
1643
1722
1644
1723
1645
1724
1646
1725
1647
1726
1648
1727
1649
1728
1650
1729
1651
1730
1652
1731
1653
1732
1654
1733
1655
1734
1656
1735
1657
1736
1658
1737
1659
1738
1660
1739
1661
1740
1662
1741
1663
1742
1664
1743
1665
1744
1666
1745
1667
1746
1668
1747
1669
1748
1670
1749
1671
1750
1672
1751
1673
1752
1674
1753
1675
1754
1676
1755
1677
1756
1678
1757
1679
1758
1759
1681
1760
1682
1761
1683
1762
1684
1763
1685
1764
1686
1765
1687
1766
1688
1767
1689
1768
1690
1769
1691
1770
1692
1771
1693
1772
1694
1773
1695
1774
1696
1775
1697
1776
1698
1777
1699
1778
1700
1779
1701
1780
1702
1781
1703
1782
1704
1783
1705
1784
1706
1785
1707
1786
1708
1787
1709
1788
1710
1789
1711
1790
1712
1791
1713
1792
1714
1793
1715
1794
1716
1795
1717
1796
1718
1797
1719
1798
1720
1799
1721
1800
1722
1801
1723
1802
1724
1803
1725
1804
1726
1805
1727
1806
1728
1807
1729
1808
1730
1809
1731
1810
1732
1811
1733
1812
1734
1813
1735
1814
1736
1815
1737
1816
1738
1817
1739
1818
1740
1819
1741
1820
1742
1821
1743
1822
1744
1823
1745
1824
1746
1825
1747
1826
1748
1827
1749
1828
1750
1829
1751
1830
1752
1831
1753
1832
1754
1833
1755
1834
1756
1835
1757
1836
1758
1837
1759
1838
1839
1761
1840
1762
1841
1763
1842
1764
1843
1765
1844
1766
1845
1767
1846
1768
1847
1769
1848
1770
1849
1771
1850
1772
1851
1773
1852
1774
1853
1775
1854
1776
1855
1777
1856
1778
1857
1779
1858
1780
1859
1781
1860
1782
1861
1783
1862
1784
1863
1785
1864
1786
1865
1787
1866
1788
1867
1789
1868
1790
1869
1791
1870
1792
1871
1793
1872
1794
1873
1795
1874
1796
1875
1797
1876
1798
1877
1799
1878
1800
1879
1801
1880
1802
1881
1803
1882
1804
1883
1805
1884
1806
1885
1807
1886
1808
1887
1809
1888
1810
1889
1811
1890
1812
1891
1813
1892
1814
1893
1815
1894
1816
1895
1817
1896
1818
1897
1819
1898
1820
1899
1821
1900
1822
1901
1823
1902
1824
1903
1825
1904
1826
1905
1827
1906
1828
1907
1829
1908
1830
1909
1831
1910
1832
1911
1833
1912
1834
1913
1835
1914
1836
1915
1837
1916
1838
1917
1839
1918
1919
1841
1920
1842
1921
1843
1922
1844
1923
1845
1924
1846
1925
1847
1926
1848
1927
1849
1928
1850
1929
1851
1930
1852
1931
1853
1932
1854
1933
1855
1934
1856
1935
1857
1936
1858
1937
1859
1938
1860
1939
1861
1940
1862
1941
1863
1942
1864
1943
1865
1944
1866
1945
1867
1946
1868
1947
1869
1948
1870
1949
1871
1950
1872
1951
1873
1952
1874
1953
1875
1954
1876
1955
1877
1956
1878
1957
1879
1958
1880
1959
1881
1960
1882
1961
1883
1962
1884
1963
1885
1964
1886
1965
1887
1966
1888
1967
1889
1968
1890
1969
1891
1970
1892
1971
1893
1972
1894
1973
1895
1974
1896
1975
1897
1976
1898
1977
1899
1978
1900
1979
1901
1980
1902
1981
1903
1982
1904
1983
1905
1984
1906
1985
1907
1986
1908
1987
1909
1988
1910
1989
1911
1990
1912
1991
1913
1992
1914
1993
1915
1994
1916
1995
1917
1996
1918
1997
1919
1998
1999
1921
2000
1922
2001
1923
2002
1924
2003
1925
2004
1926
2005
1927
2006
1928
2007
1929
2008
1930
2009
1931
2010
1932
2011
1933
2012
1934
2013
1935
2014
1936
2015
1937
2016
1938
2017
1939
2018
1940
2019
1941
2020
1942
2021
1943
2022
1944
2023
1945
2024
1946
2025
1947
2026
1948
2027
1949
2028
1950
2029
1951
2030
1952
2031
1953
2032
1954
2033
1955
2034
1956
2035
1957
2036
1958
2037
1959
2038
1960
2039
1961
2040
1962
2041
1963
2042
1964
2043
1965
2044
1966
2045
1967
2046
1968
2047
1969
2048
1970
2049
1971
2050
1972
2051
1973
2052
1974
2053
1975
2054
1976
2055
1977
2056
1978
2057
1979
2058
1980
2059
1981
2060
1982
2061
1983
2062
1984
2063
1985
2064
1986
2065
1987
2066
1988
2067
1989
2068
1990
2069
1991
2070
1992
2071
1993
2072
1994
2073
1995
2074
1996
2075
1997
2076
1998
2077
1999
2078
2079
2001
2080
2002
2081
2003
2082
2004
2083
2005
2084
2006
2085
2007
2086
2008
2087
2009
2088
2010
2089
2011
2090
2012
2091
2013
2092
2014
2093
2015
2094
2016
2095
2017
2096
2018
2097
2019
2098
2020
2099
2021
2100
2022
2101
2023
2102
2024
2103
2025
2104
2026
2105
2027
2106
2028
2107
2029
2108
2030
2109
2031
2110
2032
2111
2033
2112
2034
2113
2035
2114
2036
2115
2037
2116
2038
2117
2039
2118
2040
2119
2041
2120
2042
2121
2043
2122
2044
2123
2045
2124
2046
2125
2047
2126
2048
2127
2049
2128
2050
2129
2051
2130
2052
2131
2053
2132
2054
2133
2055
2134
2056
2135
2057
2136
2058
2137
2059
2138
2060
2139
2061
2140
2062
2141
2063
2142
2064
2143
2065
2144
2066
2145
2067
2146
2068
2147
2069
2148
2070
2149
2071
2150
2072
2151
2073
2152
2074
2153
2075
2154
2076
2155
2077
2156
2078
2157
2079
2158
2159
2081
2160
2082
2161
2083
2162
2084
2163
2085
2164
2086
2165
2087
2166
2088
2167
2089
2168
2090
2169
2091
2170
2092
2171
2093
2172
2094
2173
2095
2174
2096
2175
2097
2176
2098
2177
2099
2178
2100
2179
2101
2180
2102
2181
2103
2182
2104
2183
2105
2184
2106
2185
2107
2186
2108
2187
2109
2188
2110
2189
2111
2190
2112
2191
2113
2192
2114
2193
2115
2194
2116
2195
2117
2196
2118
2197
2119
2198
2120
2199
2121
2200
2122
2201
2123
2202
2124
2203
2125
2204
2126
2205
2127
2206
2128
2207
2129
2208
2130
2209
2131
2210
2132
2211
2133
2212
2134
2213
2135
2214
2136
2215
2137
2216
2138
2217
2139
2218
2140
2219
2141
2220
2142
2221
2143
2222
2144
2223
2145
2224
2146
2225
2147
2226
2148
2227
2149
2228
2150
2229
2151
2230
2152
2231
2153
2232
2154
2233
2155
2234
2156
2235
2157
2236
2158
2237
2159
2238
2239
2161
2240
2162
2241
2163
2242
2164
2243
2165
2244
2166
2245
2167
2246
2168
2247
2169
2248
2170
2249
2171
2250
2172
2251
2173
2252
2174
2253
2175
2254
2176
2255
2177
2256
2178
2257
2179
2258
2180
2259
2181
2260
2182
2261
2183
2262
2184
2263
2185
2264
2186
2265
2187
2266
2188
2267
2189
2268
2190
2269
2191
2270
2192
2271
2193
2272
2194
2273
2195
2274
2196
2275
2197
2276
2198
2277
2199
2278
2200
2279
2201
2280
2202
2281
2203
2282
2204
2283
2205
2284
2206
2285
2207
2286
2208
2287
2209
2288
2210
2289
2211
2290
2212
2291
2213
2292
2214
2293
2215
2294
2216
2295
2217
2296
2218
2297
2219
2298
2220
2299
2221
2300
2222
2301
2223
2302
2224
2303
2225
2304
2226
2305
2227
2306
2228
2307
2229
2308
2230
2309
2231
2310
2232
2311
2233
2312
2234
2313
2235
2314
2236
2315
2237
2316
2238
2317
2239
2318
2319
2241
2320
2242
2321
2243
2322
2244
2323
2245
2324
2246
2325
2247
2326
2248
2327
2249
2328
2250
2329
2251
2330
2252
2331
2253
2332
2254
2333
2255
2334
2256
2335
2257
2336
2258
2337
2259
2338
2260
2339
2261
2340
2262
2341
2263
2342
2264
2343
2265
2344
2266
2345
2267
2346
2268
2347
2269
2348
2270
2349
2271
2350
2272
2351
2273
2352
2274
2353
2275
2354
2276
2355
2277
2356
2278
2357
2279
2358
2280
2359
2281
2360
2282
2361
2283
2362
2284
2363
2285
2364
2286
2365
2287
2366
2288
2367
2289
2368
2290
2369
2291
2370
2292
2371
2293
2372
2294
2373
2295
2374
2296
2375
2297
2376
2298
2377
2299
2378
2300
2379
2301
2380
2302
2381
2303
2382
2304
2383
2305
2384
2306
2385
2307
2386
2308
2387
2309
2388
2310
2389
2311
2390
2312
2391
2313
2392
2314
2393
2315
2394
2316
2395
2317
2396
2318
2397
2319
2398
2399
2321
2400
2322
2401
2323
2402
2324
2403
2325
2404
2326
2405
2327
2406
2328
2407
2329
2408
2330
2409
2331
2410
2332
2411
2333
2412
2334
2413
2335
2414
2336
2415
2337
2416
2338
2417
2339
2418
2340
2419
2341
2420
2342
2421
2343
2422
2344
2423
2345
2424
2346
2425
2347
2426
2348
2427
2349
2428
2350
2429
2351
2430
2352
2431
2353
2432
2354
2433
2355
2434
2356
2435
2357
2436
2358
2437
2359
2438
2360
2439
2361
2440
2362
2441
2363
2442
2364
2443
2365
2444
2366
2445
2367
2446
2368
2447
2369
2448
2370
2449
2371
2450
2372
2451
2373
2452
2374
2453
2375
2454
2376
2455
2377
2456
2378
2457
2379
2458
2380
2459
2381
2460
2382
2461
2383
2462
2384
2463
2385
2464
2386
2465
2387
2466
2388
2467
2389
2468
2390
2469
2391
2470
2392
2471
2393
2472
2394
2473
2395
2474
2396
2475
2397
2476
2398
2477
2399
2478
2479
2401
2480
2402
2481
2403
2482
2404
2483
2405
2484
2406
2485
2407
2486
2408
2487
2409
2488
2410
2489
2411
2490
2412
2491
2413
2492
2414
2493
2415
2494
2416
2495
2417
2496
2418
2497
2419
2498
2420
2499
2421
2500
2422
2501
2423
2502
2424
2503
2425
2504
2426
2505
2427
2506
2428
2507
2429
2508
2430
2509
2431
2510
2432
2511
2433
2512
2434
2513
2435
2514
2436
2515
2437
2516
2438
2517
2439
2518
2440
2519
2441
2520
2442
2521
2443
2522
2444
2523
2445
2524
2446
2525
2447
2526
2448
2527
2449
2528
2450
2529
2451
2530
2452
2531
2453
2532
2454
2533
2455
2534
2456
2535
2457
2536
2458
2537
2459
2538
2460
2539
2461
2540
2462
2541
2463
2542
2464
2543
2465
2544
2466
2545
2467
2546
2468
2547
2469
2548
2470
2549
2471
2550
2472
2551
2473
2552
2474
2553
2475
2554
2476
2555
2477
2556
2478
2557
2479
2558
2559
2481
2560
2482
2561
2483
2562
2484
2563
2485
2564
2486
2565
2487
2566
2488
2567
2489
2568
2490
2569
2491
2570
2492
2571
2493
2572
2494
2573
2495
2574
2496
2575
2497
2576
2498
2577
2499
2578
2500
2579
2501
2580
2502
2581
2503
2582
2504
2583
2505
2584
2506
2585
2507
2586
2508
2587
2509
2588
2510
2589
2511
2590
2512
2591
2513
2592
2514
2593
2515
2594
2516
2595
2517
2596
2518
2597
2519
2598
2520
2599
2521
2600
2522
2601
2523
2602
2524
2603
2525
2604
2526
2605
2527
2606
2528
2607
2529
2608
2530
2609
2531
2610
2532
2611
2533
2612
2534
2613
2535
2614
2536
2615
2537
2616
2538
2617
2539
2618
2540
2619
2541
2620
2542
2621
2543
2622
2544
2623
2545
2624
2546
2625
2547
2626
2548
2627
2549
2628
2550
2629
2551
2630
2552
2631
2553
2632
2554
2633
2555
2634
2556
2635
2557
2636
2558
2637
2559
2638
2639
2561
2640
2562
2641
2563
2642
2564
2643
2565
2644
2566
2645
2567
2646
2568
2647
2569
2648
2570
2649
2571
2650
2572
2651
2573
2652
2574
2653
2575
2654
2576
2655
2577
2656
2578
2657
2579
2658
2580
2659
2581
2660
2582
2661
2583
2662
2584
2663
2585
2664
2586
2665
2587
2666
2588
2667
2589
2668
2590
2669
2591
2670
2592
2671
2593
2672
2594
2673
2595
2674
2596
2675
2597
2676
2598
2677
2599
2678
2600
2679
2601
2680
2602
2681
2603
2682
2604
2683
2605
2684
2606
2685
2607
2686
2608
2687
2609
2688
2610
2689
2611
2690
2612
2691
2613
2692
2614
2693
2615
2694
2616
2695
2617
2696
2618
2697
2619
2698
2620
2699
2621
2700
2622
2701
2623
2702
2624
2703
2625
2704
2626
2705
2627
2706
2628
2707
2629
2708
2630
2709
2631
2710
2632
2711
2633
2712
2634
2713
2635
2714
2636
2715
2637
2716
2638
2717
2639
2718
2719
2641
2720
2642
2721
2643
2722
2644
2723
2645
2724
2646
2725
2647
2726
2648
2727
2649
2728
2650
2729
2651
2730
2652
2731
2653
2732
2654
2733
2655
2734
2656
2735
2657
2736
2658
2737
2659
2738
2660
2739
2661
2740
2662
2741
2663
2742
2664
2743
2665
2744
2666
2745
2667
2746
2668
2747
2669
2748
2670
2749
2671
2750
2672
2751
2673
2752
2674
2753
2675
2754
2676
2755
2677
2756
2678
2757
2679
2758
2680
2759
2681
2760
2682
2761
2683
2762
2684
2763
2685
2764
2686
2765
2687
2766
2688
2767
2689
2768
2690
2769
2691
2770
2692
2771
2693
2772
2694
2773
2695
2774
2696
2775
2697
2776
2698
2777
2699
2778
2700
2779
2701
2780
2702
2781
2703
2782
2704
2783
2705
2784
2706
2785
2707
2786
2708
2787
2709
2788
2710
2789
2711
2790
2712
2791
2713
2792
2714
2793
2715
2794
2716
2795
2717
2796
2718
2797
2719
2798
2799
2721
2800
2722
2801
2723
2802
2724
2803
2725
2804
2726
2805
2727
2806
2728
2807
2729
2808
2730
2809
2731
2810
2732
2811
2733
2812
2734
2813
2735
2814
2736
2815
2737
2816
2738
2817
2739
2818
2740
2819
2741
2820
2742
2821
2743
2822
2744
2823
2745
2824
2746
2825
2747
2826
2748
2827
2749
2828
2750
2829
2751
2830
2752
2831
2753
2832
2754
2833
2755
2834
2756
2835
2757
2836
2758
2837
2759
2838
2760
2839
2761
2840
2762
2841
2763
2842
2764
2843
2765
2844
2766
2845
2767
2846
2768
2847
2769
2848
2770
2849
2771
2850
2772
2851
2773
2852
2774
2853
2775
2854
2776
2855
2777
2856
2778
2857
2779
2858
2780
2859
2781
2860
2782
2861
2783
2862
2784
2863
2785
2864
2786
2865
2787
2866
2788
2867
2789
2868
2790
2869
2791
2870
2792
2871
2793
2872
2794
2873
2795
2874
2796
2875
2797
2876
2798
2877
2799
2878
2879
2801
2880
2802
2881
2803
2882
2804
2883
2805
2884
2806
2885
2807
2886
2808
2887
2809
2888
2810
2889
2811
2890
2812
2891
2813
2892
2814
2893
2815
2894
2816
2895
2817
2896
2818
2897
2819
2898
2820
2899
2821
2900
2822
2901
2823
2902
2824
2903
2825
2904
2826
2905
2827
2906
2828
2907
2829
2908
2830
2909
2831
2910
2832
2911
2833
2912
2834
2913
2835
2914
2836
2915
2837
2916
2838
2917
2839
2918
2840
2919
2841
2920
2842
2921
2843
2922
2844
2923
2845
2924
2846
2925
2847
2926
2848
2927
2849
2928
2850
2929
2851
2930
2852
2931
2853
2932
2854
2933
2855
2934
2856
2935
2857
2936
2858
2937
2859
2938
2860
2939
2861
2940
2862
2941
2863
2942
2864
2943
2865
2944
2866
2945
2867
2946
2868
2947
2869
2948
2870
2949
2871
2950
2872
2951
2873
2952
2874
2953
2875
2954
2876
2955
2877
2956
2878
2957
2879
2958
2959
2881
2960
2882
2961
2883
2962
2884
2963
2885
2964
2886
2965
2887
2966
2888
2967
2889
2968
2890
2969
2891
2970
2892
2971
2893
2972
2894
2973
2895
2974
2896
2975
2897
2976
2898
2977
2899
2978
2900
2979
2901
2980
2902
2981
2903
2982
2904
2983
2905
2984
2906
2985
2907
2986
2908
2987
2909
2988
2910
2989
2911
2990
2912
2991
2913
2992
2914
2993
2915
2994
2916
2995
2917
2996
2918
2997
2919
2998
2920
2999
2921
3000
2922
3001
2923
3002
2924
3003
2925
3004
2926
3005
2927
3006
2928
3007
2929
3008
2930
3009
2931
3010
2932
3011
2933
3012
2934
3013
2935
3014
2936
3015
2937
3016
2938
3017
2939
3018
2940
3019
2941
3020
2942
3021
2943
3022
2944
3023
2945
3024
2946
3025
2947
3026
2948
3027
2949
3028
2950
3029
2951
3030
2952
3031
2953
3032
2954
3033
2955
3034
2956
3035
2957
3036
2958
3037
2959
3038
3039
2961
3040
2962
3041
2963
3042
2964
3043
2965
3044
2966
3045
2967
3046
2968
3047
2969
3048
2970
3049
2971
3050
2972
3051
2973
3052
2974
3053
2975
3054
2976
3055
2977
3056
2978
3057
2979
3058
2980
3059
2981
3060
2982
3061
2983
3062
2984
3063
2985
3064
2986
3065
2987
3066
2988
3067
2989
3068
2990
3069
2991
3070
2992
3071
2993
3072
2994
3073
2995
3074
2996
3075
2997
3076
2998
3077
2999
3078
3000
3079
3001
3080
3002
3081
3003
3082
3004
3083
3005
3084
3006
3085
3007
3086
3008
3087
3009
3088
3010
3089
3011
3090
3012
3091
3013
3092
3014
3093
3015
3094
3016
3095
3017
3096
3018
3097
3019
3098
3020
3099
3021
3100
3022
3101
3023
3102
3024
3103
3025
3104
3026
3105
3027
3106
3028
3107
3029
3108
3030
3109
3031
3110
3032
3111
3033
3112
3034
3113
3035
3114
3036
3115
3037
3116
3038
3117
3039
3118
3119
3041
3120
3042
3121
3043
3122
3044
3123
3045
3124
3046
3125
3047
3126
3048
3127
3049
3128
3050
3129
3051
3130
3052
3131
3053
3132
3054
3133
3055
3134
3056
3135
3057
3136
3058
3137
3059
3138
3060
3139
3061
3140
3062
3141
3063
3142
3064
3143
3065
3144
3066
3145
3067
3146
3068
3147
3069
3148
3070
3149
3071
3150
3072
3151
3073
3152
3074
3153
3075
3154
3076
3155
3077
3156
3078
3157
3079
3158
3080
3159
3081
3160
3082
3161
3083
3162
3084
3163
3085
3164
3086
3165
3087
3166
3088
3167
3089
3168
3090
3169
3091
3170
3092
3171
3093
3172
3094
3173
3095
3174
3096
3175
3097
3176
3098
3177
3099
3178
3100
3179
3101
3180
3102
3181
3103
3182
3104
3183
3105
3184
3106
3185
3107
3186
3108
3187
3109
3188
3110
3189
3111
3190
3112
3191
3113
3192
3114
3193
3115
3194
3116
3195
3117
3196
3118
3197
3119
3198
3199
3121
3200
3122
3201
3123
3202
3124
3203
3125
3204
3126
3205
3127
3206
3128
3207
3129
3208
3130
3209
3131
3210
3132
3211
3133
3212
3134
3213
3135
3214
3136
3215
3137
3216
3138
3217
3139
3218
3140
3219
3141
3220
3142
3221
3143
3222
3144
3223
3145
3224
3146
3225
3147
3226
3148
3227
3149
3228
3150
3229
3151
3230
3152
3231
3153
3232
3154
3233
3155
3234
3156
3235
3157
3236
3158
3237
3159
3238
3160
3239
3161
3240
3162
3241
3163
3242
3164
3243
3165
3244
3166
3245
3167
3246
3168
3247
3169
3248
3170
3249
3171
3250
3172
3251
3173
3252
3174
3253
3175
3254
3176
3255
3177
3256
3178
3257
3179
3258
3180
3259
3181
3260
3182
3261
3183
3262
3184
3263
3185
3264
3186
3265
3187
3266
3188
3267
3189
3268
3190
3269
3191
3270
3192
3271
3193
3272
3194
3273
3195
3274
3196
3275
3197
3276
3198
3277
3199
3278
3279
3201
3280
3202
3281
3203
3282
3204
3283
3205
3284
3206
3285
3207
3286
3208
3287
3209
3288
3210
3289
3211
3290
3212
3291
3213
3292
3214
3293
3215
3294
3216
3295
3217
3296
3218
3297
3219
3298
3220
3299
3221
3300
3222
3301
3223
3302
3224
3303
3225
3304
3226
3305
3227
3306
3228
3307
3229
3308
3230
3309
3231
3310
3232
3311
3233
3312
3234
3313
3235
3314
3236
3315
3237
3316
3238
3317
3239
3318
3240
3319
3241
3320
3242
3321
3243
3322
3244
3323
3245
3324
3246
3325
3247
3326
3248
3327
3249
3328
3250
3329
3251
3330
3252
3331
3253
3332
3254
3333
3255
3334
3256
3335
3257
3336
3258
3337
3259
3338
3260
3339
3261
3340
3262
3341
3263
3342
3264
3343
3265
3344
3266
3345
3267
3346
3268
3347
3269
3348
3270
3349
3271
3350
3272
3351
3273
3352
3274
3353
3275
3354
3276
3355
3277
3356
3278
3357
3279
3358
3359
3281
3360
3282
3361
3283
3362
3284
3363
3285
3364
3286
3365
3287
3366
3288
3367
3289
3368
3290
3369
3291
3370
3292
3371
3293
3372
3294
3373
3295
3374
3296
3375
3297
3376
3298
3377
3299
3378
3300
3379
3301
3380
3302
3381
3303
3382
3304
3383
3305
3384
3306
3385
3307
3386
3308
3387
3309
3388
3310
3389
3311
3390
3312
3391
3313
3392
3314
3393
3315
3394
3316
3395
3317
3396
3318
3397
3319
3398
3320
3399
3321
3400
3322
3401
3323
3402
3324
3403
3325
3404
3326
3405
3327
3406
3328
3407
3329
3408
3330
3409
3331
3410
3332
3411
3333
3412
3334
3413
3335
3414
3336
3415
3337
3416
3338
3417
3339
3418
3340
3419
3341
3420
3342
3421
3343
3422
3344
3423
3345
3424
3346
3425
3347
3426
3348
3427
3349
3428
3350
3429
3351
3430
3352
3431
3353
3432
3354
3433
3355
3434
3356
3435
3357
3436
3358
3437
3359
3438
3439
3361
3440
3362
3441
3363
3442
3364
3443
3365
3444
3366
3445
3367
3446
3368
3447
3369
3448
3370
3449
3371
3450
3372
3451
3373
3452
3374
3453
3375
3454
3376
3455
3377
3456
3378
3457
3379
3458
3380
3459
3381
3460
3382
3461
3383
3462
3384
3463
3385
3464
3386
3465
3387
3466
3388
3467
3389
3468
3390
3469
3391
3470
3392
3471
3393
3472
3394
3473
3395
3474
3396
3475
3397
3476
3398
3477
3399
3478
3400
3479
3401
3480
3402
3481
3403
3482
3404
3483
3405
3484
3406
3485
3407
3486
3408
3487
3409
3488
3410
3489
3411
3490
3412
3491
3413
3492
3414
3493
3415
3494
3416
3495
3417
3496
3418
3497
3419
3498
3420
3499
3421
3500
3422
3501
3423
3502
3424
3503
3425
3504
3426
3505
3427
3506
3428
3507
3429
3508
3430
3509
3431
3510
3432
3511
3433
3512
3434
3513
3435
3514
3436
3515
3437
3516
3438
3517
3439
3518
3519
3441
3520
3442
3521
3443
3522
3444
3523
3445
3524
3446
3525
3447
3526
3448
3527
3449
3528
3450
3529
3451
3530
3452
3531
3453
3532
3454
3533
3455
3534
3456
3535
3457
3536
3458
3537
3459
3538
3460
3539
3461
3540
3462
3541
3463
3542
3464
3543
3465
3544
3466
3545
3467
3546
3468
3547
3469
3548
3470
3549
3471
3550
3472
3551
3473
3552
3474
3553
3475
3554
3476
3555
3477
3556
3478
3557
3479
3558
3480
3559
3481
3560
3482
3561
3483
3562
3484
3563
3485
3564
3486
3565
3487
3566
3488
3567
3489
3568
3490
3569
3491
3570
3492
3571
3493
3572
3494
3573
3495
3574
3496
3575
3497
3576
3498
3577
3499
3578
3500
3579
3501
3580
3502
3581
3503
3582
3504
3583
3505
3584
3506
3585
3507
3586
3508
3587
3509
3588
3510
3589
3511
3590
3512
3591
3513
3592
3514
3593
3515
3594
3516
3595
3517
3596
3518
3597
3519
3598
3599
3521
3600
3522
3601
3523
3602
3524
3603
3525
3604
3526
3605
3527
3606
3528
3607
3529
3608
3530
3609
3531
3610
3532
3611
3533
3612
3534
3613
3535
3614
3536
3615
3537
3616
3538
3617
3539
3618
3540
3619
3541
3620
3542
3621
3543
3622
3544
3623
3545
3624
3546
3625
3547
3626
3548
3627
3549
3628
3550
3629
3551
3630
3552
3631
3553
3632
3554
3633
3555
3634
3556
3635
3557
3636
3558
3637
3559
3638
3560
3639
3561
3640
3562
3641
3563
3642
3564
3643
3565
3644
3566
3645
3567
3646
3568
3647
3569
3648
3570
3649
3571
3650
3572
3651
3573
3652
3574
3653
3575
3654
3576
3655
3577
3656
3578
3657
3579
3658
3580
3659
3581
3660
3582
3661
3583
3662
3584
3663
3585
3664
3586
3665
3587
3666
3588
3667
3589
3668
3590
3669
3591
3670
3592
3671
3593
3672
3594
3673
3595
3674
3596
3675
3597
3676
3598
3677
3599
3678
3679
3601
3680
3602
3681
3603
3682
3604
3683
3605
3684
3606
3685
3607
3686
3608
3687
3609
3688
3610
3689
3611
3690
3612
3691
3613
3692
3614
3693
3615
3694
3616
3695
3617
3696
3618
3697
3619
3698
3620
3699
3621
3700
3622
3701
3623
3702
3624
3703
3625
3704
3626
3705
3627
3706
3628
3707
3629
3708
3630
3709
3631
3710
3632
3711
3633
3712
3634
3713
3635
3714
3636
3715
3637
3716
3638
3717
3639
3718
3640
3719
3641
3720
3642
3721
3643
3722
3644
3723
3645
3724
3646
3725
3647
3726
3648
3727
3649
3728
3650
3729
3651
3730
3652
3731
3653
3732
3654
3733
3655
3734
3656
3735
3657
3736
3658
3737
3659
3738
3660
3739
3661
3740
3662
3741
3663
3742
3664
3743
3665
3744
3666
3745
3667
3746
3668
3747
3669
3748
3670
3749
3671
3750
3672
3751
3673
3752
3674
3753
3675
3754
3676
3755
3677
3756
3678
3757
3679
3758
3759
3681
3760
3682
3761
3683
3762
3684
3763
3685
3764
3686
3765
3687
3766
3688
3767
3689
3768
3690
3769
3691
3770
3692
3771
3693
3772
3694
3773
3695
3774
3696
3775
3697
3776
3698
3777
3699
3778
3700
3779
3701
3780
3702
3781
3703
3782
3704
3783
3705
3784
3706
3785
3707
3786
3708
3787
3709
3788
3710
3789
3711
3790
3712
3791
3713
3792
3714
3793
3715
3794
3716
3795
3717
3796
3718
3797
3719
3798
3720
3799
3721
3800
3722
3801
3723
3802
3724
3803
3725
3804
3726
3805
3727
3806
3728
3807
3729
3808
3730
3809
3731
3810
3732
3811
3733
3812
3734
3813
3735
3814
3736
3815
3737
3816
3738
3817
3739
3818
3740
3819
3741
3820
3742
3821
3743
3822
3744
3823
3745
3824
3746
3825
3747
3826
3748
3827
3749
3828
3750
3829
3751
3830
3752
3831
3753
3832
3754
3833
3755
3834
3756
3835
3757
3836
3758
3837
3759
3838
3839
3761
3840
3762
3841
3763
3842
3764
3843
3765
3844
3766
3845
3767
3846
3768
3847
3769
3848
3770
3849
3771
3850
3772
3851
3773
3852
3774
3853
3775
3854
3776
3855
3777
3856
3778
3857
3779
3858
3780
3859
3781
3860
3782
3861
3783
3862
3784
3863
3785
3864
3786
3865
3787
3866
3788
3867
3789
3868
3790
3869
3791
3870
3792
3871
3793
3872
3794
3873
3795
3874
3796
3875
3797
3876
3798
3877
3799
3878
3800
3879
3801
3880
3802
3881
3803
3882
3804
3883
3805
3884
3806
3885
3807
3886
3808
3887
3809
3888
3810
3889
3811
3890
3812
3891
3813
3892
3814
3893
3815
3894
3816
3895
3817
3896
3818
3897
3819
3898
3820
3899
3821
3900
3822
3901
3823
3902
3824
3903
3825
3904
3826
3905
3827
3906
3828
3907
3829
3908
3830
3909
3831
3910
3832
3911
3833
3912
3834
3913
3835
3914
3836
3915
3837
3916
3838
3917
3839
3918
3919
3841
3920
3842
3921
3843
3922
3844
3923
3845
3924
3846
3925
3847
3926
3848
3927
3849
3928
3850
3929
3851
3930
3852
3931
3853
3932
3854
3933
3855
3934
3856
3935
3857
3936
3858
3937
3859
3938
3860
3939
3861
3940
3862
3941
3863
3942
3864
3943
3865
3944
3866
3945
3867
3946
3868
3947
3869
3948
3870
3949
3871
3950
3872
3951
3873
3952
3874
3953
3875
3954
3876
3955
3877
3956
3878
3957
3879
3958
3880
3959
3881
3960
3882
3961
3883
3962
3884
3963
3885
3964
3886
3965
3887
3966
3888
3967
3889
3968
3890
3969
3891
3970
3892
3971
3893
3972
3894
3973
3895
3974
3896
3975
3897
3976
3898
3977
3899
3978
3900
3979
3901
3980
3902
3981
3903
3982
3904
3983
3905
3984
3906
3985
3907
3986
3908
3987
3909
3988
3910
3989
3911
3990
3912
3991
3913
3992
3914
3993
3915
3994
3916
3995
3917
3996
3918
3997
3919
3998
3999
3921
4000
3922
4001
3923
4002
3924
4003
3925
4004
3926
4005
3927
4006
3928
4007
3929
4008
3930
4009
3931
4010
3932
4011
3933
4012
3934
4013
3935
4014
3936
4015
3937
4016
3938
4017
3939
4018
3940
4019
3941
4020
3942
4021
3943
4022
3944
4023
3945
4024
3946
4025
3947
4026
3948
4027
3949
4028
3950
4029
3951
4030
3952
4031
3953
4032
3954
4033
3955
4034
3956
4035
3957
4036
3958
4037
3959
4038
3960
4039
3961
4040
3962
4041
3963
4042
3964
4043
3965
4044
3966
4045
3967
4046
3968
4047
3969
4048
3970
4049
3971
4050
3972
4051
3973
4052
3974
4053
3975
4054
3976
4055
3977
4056
3978
4057
3979
4058
3980
4059
3981
4060
3982
4061
3983
4062
3984
4063
3985
4064
3986
4065
3987
4066
3988
4067
3989
4068
3990
4069
3991
4070
3992
4071
3993
4072
3994
4073
3995
4074
3996
4075
3997
4076
3998
4077
3999
4078
4079
4001
4080
4002
4081
4003
4082
4004
4083
4005
4084
4006
4085
4007
4086
4008
4087
4009
4088
4010
4089
4011
4090
4012
4091
4013
4092
4014
4093
4015
4094
4016
4095
4017
4096
4018
4097
4019
4098
4020
4099
4021
4100
4022
4101
4023
4102
4024
4103
4025
4104
4026
4105
4027
4106
4028
4107
4029
4108
4030
4109
4031
4110
4032
4111
4033
4112
4034
4113
4035
4114
4036
4115
4037
4116
4038
4117
4039
4118
4040
4119
4041
4120
4042
4121
4043
4122
4044
4123
4045
4124
4046
4125
4047
4126
4048
4127
4049
4128
4050
4129
4051
4130
4052
4131
4053
4132
4054
4133
4055
4134
4056
4135
4057
4136
4058
4137
4059
4138
4060
4139
4061
4140
4062
4141
4063
4142
4064
4143
4065
4144
4066
4145
4067
4146
4068
4147
4069
4148
4070
4149
4071
4150
4072
4151
4073
4152
4074
4153
4075
4154
4076
4155
4077
4156
4078
4157
4079
4158
4159
4081
4160
4082
4161
4083
4162
4084
4163
4085
4164
4086
4165
4087
4166
4088
4167
4089
4168
4090
4169
4091
4170
4092
4171
4093
4172
4094
4173
4095
4174
4096
4175
4097
4176
4098
4177
4099
4178
4100
4179
4101
4180
4102
4181
4103
4182
4104
4183
4105
4184
4106
4185
4107
4186
4108
4187
4109
4188
4110
4189
4111
4190
4112
4191
4113
4192
4114
4193
4115
4194
4116
4195
4117
4196
4118
4197
4119
4198
4120
4199
4121
4200
4122
4201
4123
4202
4124
4203
4125
4204
4126
4205
4127
4206
4128
4207
4129
4208
4130
4209
4131
4210
4132
4211
4133
4212
4134
4213
4135
4214
4136
4215
4137
4216
4138
4217
4139
4218
4140
4219
4141
4220
4142
4221
4143
4222
4144
4223
4145
4224
4146
4225
4147
4226
4148
4227
4149
4228
4150
4229
4151
4230
4152
4231
4153
4232
4154
4233
4155
4234
4156
4235
4157
4236
4158
4237
4159
4238
4239
4161
4240
4162
4241
4163
4242
4164
4243
4165
4244
4166
4245
4167
4246
4168
4247
4169
4248
4170
4249
4171
4250
4172
4251
4173
4252
4174
4253
4175
4254
4176
4255
4177
4256
4178
4257
4179
4258
4180
4259
4181
4260
4182
4261
4183
4262
4184
4263
4185
4264
4186
4265
4187
4266
4188
4267
4189
4268
4190
4269
4191
4270
4192
4271
4193
4272
4194
4273
4195
4274
4196
4275
4197
4276
4198
4277
4199
4278
4200
4279
4201
4280
4202
4281
4203
4282
4204
4283
4205
4284
4206
4285
4207
4286
4208
4287
4209
4288
4210
4289
4211
4290
4212
4291
4213
4292
4214
4293
4215
4294
4216
4295
4217
4296
4218
4297
4219
4298
4220
4299
4221
4300
4222
4301
4223
4302
4224
4303
4225
4304
4226
4305
4227
4306
4228
4307
4229
4308
4230
4309
4231
4310
4232
4311
4233
4312
4234
4313
4235
4314
4236
4315
4237
4316
4238
4317
4239
4318
4319
4241
4320
4242
4321
4243
4322
4244
4323
4245
4324
4246
4325
4247
4326
4248
4327
4249
4328
4250
4329
4251
4330
4252
4331
4253
4332
4254
4333
4255
4334
4256
4335
4257
4336
4258
4337
4259
4338
4260
4339
4261
4340
4262
4341
4263
4342
4264
4343
4265
4344
4266
4345
4267
4346
4268
4347
4269
4348
4270
4349
4271
4350
4272
4351
4273
4352
4274
4353
4275
4354
4276
4355
4277
4356
4278
4357
4279
4358
4280
4359
4281
4360
4282
4361
4283
4362
4284
4363
4285
4364
4286
4365
4287
4366
4288
4367
4289
4368
4290
4369
4291
4370
4292
4371
4293
4372
4294
4373
4295
4374
4296
4375
4297
4376
4298
4377
4299
4378
4300
4379
4301
4380
4302
4381
4303
4382
4304
4383
4305
4384
4306
4385
4307
4386
4308
4387
4309
4388
4310
4389
4311
4390
4312
4391
4313
4392
4314
4393
4315
4394
4316
4395
4317
4396
4318
4397
4319
4398
4399
4321
4400
4322
4401
4323
4402
4324
4403
4325
4404
4326
4405
4327
4406
4328
4407
4329
4408
4330
4409
4331
4410
4332
4411
4333
4412
4334
4413
4335
4414
4336
4415
4337
4416
4338
4417
4339
4418
4340
4419
4341
4420
4342
4421
4343
4422
4344
4423
4345
4424
4346
4425
4347
4426
4348
4427
4349
4428
4350
4429
4351
4430
4352
4431
4353
4432
4354
4433
4355
4434
4356
4435
4357
4436
4358
4437
4359
4438
4360
4439
4361
4440
4362
4441
4363
4442
4364
4443
4365
4444
4366
4445
4367
4446
4368
4447
4369
4448
4370
4449
4371
4450
4372
4451
4373
4452
4374
4453
4375
4454
4376
4455
4377
4456
4378
4457
4379
4458
4380
4459
4381
4460
4382
4461
4383
4462
4384
4463
4385
4464
4386
4465
4387
4466
4388
4467
4389
4468
4390
4469
4391
4470
4392
4471
4393
4472
4394
4473
4395
4474
4396
4475
4397
4476
4398
4477
4399
4478
4479
4401
4480
4402
4481
4403
4482
4404
4483
4405
4484
4406
4485
4407
4486
4408
4487
4409
4488
4410
4489
4411
4490
4412
4491
4413
4492
4414
4493
4415
4494
4416
4495
4417
4496
4418
4497
4419
4498
4420
4499
4421
4500
4422
4501
4423
4502
4424
4503
4425
4504
4426
4505
4427
4506
4428
4507
4429
4508
4430
4509
4431
4510
4432
4511
4433
4512
4434
4513
4435
4514
4436
4515
4437
4516
4438
4517
4439
4518
4440
4519
4441
4520
4442
4521
4443
4522
4444
4523
4445
4524
4446
4525
4447
4526
4448
4527
4449
4528
4450
4529
4451
4530
4452
4531
4453
4532
4454
4533
4455
4534
4456
4535
4457
4536
4458
4537
4459
4538
4460
4539
4461
4540
4462
4541
4463
4542
4464
4543
4465
4544
4466
4545
4467
4546
4468
4547
4469
4548
4470
4549
4471
4550
4472
4551
4473
4552
4474
4553
4475
4554
4476
4555
4477
4556
4478
4557
4479
4558
4559
4481
4560
4482
4561
4483
4562
4484
4563
4485
4564
4486
4565
4487
4566
4488
4567
4489
4568
4490
4569
4491
4570
4492
4571
4493
4572
4494
4573
4495
4574
4496
4575
4497
4576
4498
4577
4499
4578
4500
4579
4501
4580
4502
4581
4503
4582
4504
4583
4505
4584
4506
4585
4507
4586
4508
4587
4509
4588
4510
4589
4511
4590
4512
4591
4513
4592
4514
4593
4515
4594
4516
4595
4517
4596
4518
4597
4519
4598
4520
4599
4521
4600
4522
4601
4523
4602
4524
4603
4525
4604
4526
4605
4527
4606
4528
4607
4529
4608
4530
4609
4531
4610
4532
4611
4533
4612
4534
4613
4535
4614
4536
4615
4537
4616
4538
4617
4539
4618
4540
4619
4541
4620
4542
4621
4543
4622
4544
4623
4545
4624
4546
4625
4547
4626
4548
4627
4549
4628
4550
4629
4551
4630
4552
4631
4553
4632
4554
4633
4555
4634
4556
4635
4557
4636
4558
4637
4559
4638
4639
4561
4640
4562
4641
4563
4642
4564
4643
4565
4644
4566
4645
4567
4646
4568
4647
4569
4648
4570
4649
4571
4650
4572
4651
4573
4652
4574
4653
4575
4654
4576
4655
4577
4656
4578
4657
4579
4658
4580
4659
4581
4660
4582
4661
4583
4662
4584
4663
4585
4664
4586
4665
4587
4666
4588
4667
4589
4668
4590
4669
4591
4670
4592
4671
4593
4672
4594
4673
4595
4674
4596
4675
4597
4676
4598
4677
4599
4678
4600
4679
4601
4680
4602
4681
4603
4682
4604
4683
4605
4684
4606
4685
4607
4686
4608
4687
4609
4688
4610
4689
4611
4690
4612
4691
4613
4692
4614
4693
4615
4694
4616
4695
4617
4696
4618
4697
4619
4698
4620
4699
4621
4700
4622
4701
4623
4702
4624
4703
4625
4704
4626
4705
4627
4706
4628
4707
4629
4708
4630
4709
4631
4710
4632
4711
4633
4712
4634
4713
4635
4714
4636
4715
4637
4716
4638
4717
4639
4718
4719
4641
4720
4642
4721
4643
4722
4644
4723
4645
4724
4646
4725
4647
4726
4648
4727
4649
4728
4650
4729
4651
4730
4652
4731
4653
4732
4654
4733
4655
4734
4656
4735
4657
4736
4658
4737
4659
4738
4660
4739
4661
4740
4662
4741
4663
4742
4664
4743
4665
4744
4666
4745
4667
4746
4668
4747
4669
4748
4670
4749
4671
4750
4672
4751
4673
4752
4674
4753
4675
4754
4676
4755
4677
4756
4678
4757
4679
4758
4680
4759
4681
4760
4682
4761
4683
4762
4684
4763
4685
4764
4686
4765
4687
4766
4688
4767
4689
4768
4690
4769
4691
4770
4692
4771
4693
4772
4694
4773
4695
4774
4696
4775
4697
4776
4698
4777
4699
4778
4700
4779
4701
4780
4702
4781
4703
4782
4704
4783
4705
4784
4706
4785
4707
4786
4708
4787
4709
4788
4710
4789
4711
4790
4712
4791
4713
4792
4714
4793
4715
4794
4716
4795
4717
4796
4718
4797
4719
4798
4799
4721
4800
4722
4801
4723
4802
4724
4803
4725
4804
4726
4805
4727
4806
4728
4807
4729
4808
4730
4809
4731
4810
4732
4811
4733
4812
4734
4813
4735
4814
4736
4815
4737
4816
4738
4817
4739
4818
4740
4819
4741
4820
4742
4821
4743
4822
4744
4823
4745
4824
4746
4825
4747
4826
4748
4827
4749
4828
4750
4829
4751
4830
4752
4831
4753
4832
4754
4833
4755
4834
4756
4835
4757
4836
4758
4837
4759
4838
4760
4839
4761
4840
4762
4841
4763
4842
4764
4843
4765
4844
4766
4845
4767
4846
4768
4847
4769
4848
4770
4849
4771
4850
4772
4851
4773
4852
4774
4853
4775
4854
4776
4855
4777
4856
4778
4857
4779
4858
4780
4859
4781
4860
4782
4861
4783
4862
4784
4863
4785
4864
4786
4865
4787
4866
4788
4867
4789
4868
4790
4869
4791
4870
4792
4871
4793
4872
4794
4873
4795
4874
4796
4875
4797
4876
4798
4877
4799
4878
4879
4801
4880
4802
4881
4803
4882
4804
4883
4805
4884
4806
4885
4807
4886
4808
4887
4809
4888
4810
4889
4811
4890
4812
4891
4813
4892
4814
4893
4815
4894
4816
4895
4817
4896
4818
4897
4819
4898
4820
4899
4821
4900
4822
4901
4823
4902
4824
4903
4825
4904
4826
4905
4827
4906
4828
4907
4829
4908
4830
4909
4831
4910
4832
4911
4833
4912
4834
4913
4835
4914
4836
4915
4837
4916
4838
4917
4839
4918
4840
4919
4841
4920
4842
4921
4843
4922
4844
4923
4845
4924
4846
4925
4847
4926
4848
4927
4849
4928
4850
4929
4851
4930
4852
4931
4853
4932
4854
4933
4855
4934
4856
4935
4857
4936
4858
4937
4859
4938
4860
4939
4861
4940
4862
4941
4863
4942
4864
4943
4865
4944
4866
4945
4867
4946
4868
4947
4869
4948
4870
4949
4871
4950
4872
4951
4873
4952
4874
4953
4875
4954
4876
4955
4877
4956
4878
4957
4879
4958
4959
4881
4960
4882
4961
4883
4962
4884
4963
4885
4964
4886
4965
4887
4966
4888
4967
4889
4968
4890
4969
4891
4970
4892
4971
4893
4972
4894
4973
4895
4974
4896
4975
4897
4976
4898
4977
4899
4978
4900
4979
4901
4980
4902
4981
4903
4982
4904
4983
4905
4984
4906
4985
4907
4986
4908
4987
4909
4988
4910
4989
4911
4990
4912
4991
4913
4992
4914
4993
4915
4994
4916
4995
4917
4996
4918
4997
4919
4998
4920
4999
4921
5000
4922
5001
4923
5002
4924
5003
4925
5004
4926
5005
4927
5006
4928
5007
4929
5008
4930
5009
4931
5010
4932
5011
4933
5012
4934
5013
4935
5014
4936
5015
4937
5016
4938
5017
4939
5018
4940
5019
4941
5020
4942
5021
4943
5022
4944
5023
4945
5024
4946
5025
4947
5026
4948
5027
4949
5028
4950
5029
4951
5030
4952
5031
4953
5032
4954
5033
4955
5034
4956
5035
4957
5036
4958
5037
4959
5038
5039
4961
5040
4962
5041
4963
5042
4964
5043
4965
5044
4966
5045
4967
5046
4968
5047
4969
5048
4970
5049
4971
5050
4972
5051
4973
5052
4974
5053
4975
5054
4976
5055
4977
5056
4978
5057
4979
5058
4980
5059
4981
5060
4982
5061
4983
5062
4984
5063
4985
5064
4986
5065
4987
5066
4988
5067
4989
5068
4990
5069
4991
5070
4992
5071
4993
5072
4994
5073
4995
5074
4996
5075
4997
5076
4998
5077
4999
5078
5000
5079
5001
5080
5002
5081
5003
5082
5004
5083
5005
5084
5006
5085
5007
5086
5008
5087
5009
5088
5010
5089
5011
5090
5012
5091
5013
5092
5014
5093
5015
5094
5016
5095
5017
5096
5018
5097
5019
5098
5020
5099
5021
5100
5022
5101
5023
5102
5024
5103
5025
5104
5026
5105
5027
5106
5028
5107
5029
5108
5030
5109
5031
5110
5032
5111
5033
5112
5034
5113
5035
5114
5036
5115
5037
5116
5038
5117
5039
5118
5119
5041
5120
5042
5121
5043
5122
5044
5123
5045
5124
5046
5125
5047
5126
5048
5127
5049
5128
5050
5129
5051
5130
5052
5131
5053
5132
5054
5133
5055
5134
5056
5135
5057
5136
5058
5137
5059
5138
5060
5139
5061
5140
5062
5141
5063
5142
5064
5143
5065
5144
5066
5145
5067
5146
5068
5147
5069
5148
5070
5149
5071
5150
5072
5151
5073
5152
5074
5153
5075
5154
5076
5155
5077
5156
5078
5157
5079
5158
5080
5159
5081
5160
5082
5161
5083
5162
5084
5163
5085
5164
5086
5165
5087
5166
5088
5167
5089
5168
5090
5169
5091
5170
5092
5171
5093
5172
5094
5173
5095
5174
5096
5175
5097
5176
5098
5177
5099
5178
5100
5179
5101
5180
5102
5181
5103
5182
5104
5183
5105
5184
5106
5185
5107
5186
5108
5187
5109
5188
5110
5189
5111
5190
5112
5191
5113
5192
5114
5193
5115
5194
5116
5195
5117
5196
5118
5197
5119
5198
5199
5121
5200
5122
5201
5123
5202
5124
5203
5125
5204
5126
5205
5127
5206
5128
5207
5129
5208
5130
5209
5131
5210
5132
5211
5133
5212
5134
5213
5135
5214
5136
5215
5137
5216
5138
5217
5139
5218
5140
5219
5141
5220
5142
5221
5143
5222
5144
5223
5145
5224
5146
5225
5147
5226
5148
5227
5149
5228
5150
5229
5151
5230
5152
5231
5153
5232
5154
5233
5155
5234
5156
5235
5157
5236
5158
5237
5159
5238
5160
5239
5161
5240
5162
5241
5163
5242
5164
5243
5165
5244
5166
5245
5167
5246
5168
5247
5169
5248
5170
5249
5171
5250
5172
5251
5173
5252
5174
5253
5175
5254
5176
5255
5177
5256
5178
5257
5179
5258
5180
5259
5181
5260
5182
5261
5183
5262
5184
5263
5185
5264
5186
5265
5187
5266
5188
5267
5189
5268
5190
5269
5191
5270
5192
5271
5193
5272
5194
5273
5195
5274
5196
5275
5197
5276
5198
5277
5199
5278
5279
5201
5280
5202
5281
5203
5282
5204
5283
5205
5284
5206
5285
5207
5286
5208
5287
5209
5288
5210
5289
5211
5290
5212
5291
5213
5292
5214
5293
5215
5294
5216
5295
5217
5296
5218
5297
5219
5298
5220
5299
5221
5300
5222
5301
5223
5302
5224
5303
5225
5304
5226
5305
5227
5306
5228
5307
5229
5308
5230
5309
5231
5310
5232
5311
5233
5312
5234
5313
5235
5314
5236
5315
5237
5316
5238
5317
5239
5318
5240
5319
5241
5320
5242
5321
5243
5322
5244
5323
5245
5324
5246
5325
5247
5326
5248
5327
5249
5328
5250
5329
5251
5330
5252
5331
5253
5332
5254
5333
5255
5334
5256
5335
5257
5336
5258
5337
5259
5338
5260
5339
5261
5340
5262
5341
5263
5342
5264
5343
5265
5344
5266
5345
5267
5346
5268
5347
5269
5348
5270
5349
5271
5350
5272
5351
5273
5352
5274
5353
5275
5354
5276
5355
5277
5356
5278
5357
5279
5358
5359
5281
5360
5282
5361
5283
5362
5284
5363
5285
5364
5286
5365
5287
5366
5288
5367
5289
5368
5290
5369
5291
5370
5292
5371
5293
5372
5294
5373
5295
5374
5296
5375
5297
5376
5298
5377
5299
5378
5300
5379
5301
5380
5302
5381
5303
5382
5304
5383
5305
5384
5306
5385
5307
5386
5308
5387
5309
5388
5310
5389
5311
5390
5312
5391
5313
5392
5314
5393
5315
5394
5316
5395
5317
5396
5318
5397
5319
5398
5320
5399
5321
5400
5322
5401
5323
5402
5324
5403
5325
5404
5326
5405
5327
5406
5328
5407
5329
5408
5330
5409
5331
5410
5332
5411
5333
5412
5334
5413
5335
5414
5336
5415
5337
5416
5338
5417
5339
5418
5340
5419
5341
5420
5342
5421
5343
5422
5344
5423
5345
5424
5346
5425
5347
5426
5348
5427
5349
5428
5350
5429
5351
5430
5352
5431
5353
5432
5354
5433
5355
5434
5356
5435
5357
5436
5358
5437
5359
5438
5439
5361
5440
5362
5441
5363
5442
5364
5443
5365
5444
5366
5445
5367
5446
5368
5447
5369
5448
5370
5449
5371
5450
5372
5451
5373
5452
5374
5453
5375
5454
5376
5455
5377
5456
5378
5457
5379
5458
5380
5459
5381
5460
5382
5461
5383
5462
5384
5463
5385
5464
5386
5465
5387
5466
5388
5467
5389
5468
5390
5469
5391
5470
5392
5471
5393
5472
5394
5473
5395
5474
5396
5475
5397
5476
5398
5477
5399
5478
5400
5479
5401
5480
5402
5481
5403
5482
5404
5483
5405
5484
5406
5485
5407
5486
5408
5487
5409
5488
5410
5489
5411
5490
5412
5491
5413
5492
5414
5493
5415
5494
5416
5495
5417
5496
5418
5497
5419
5498
5420
5499
5421
5500
5422
5501
5423
5502
5424
5503
5425
5504
5426
5505
5427
5506
5428
5507
5429
5508
5430
5509
5431
5510
5432
5511
5433
5512
5434
5513
5435
5514
5436
5515
5437
5516
5438
5517
5439
5518
5519
5441
5520
5442
5521
5443
5522
5444
5523
5445
5524
5446
5525
5447
5526
5448
5527
5449
5528
5450
5529
5451
5530
5452
5531
5453
5532
5454
5533
5455
5534
5456
5535
5457
5536
5458
5537
5459
5538
5460
5539
5461
5540
5462
5541
5463
5542
5464
5543
5465
5544
5466
5545
5467
5546
5468
5547
5469
5548
5470
5549
5471
5550
5472
5551
5473
5552
5474
5553
5475
5554
5476
5555
5477
5556
5478
5557
5479
5558
5480
5559
5481
5560
5482
5561
5483
5562
5484
5563
5485
5564
5486
5565
5487
5566
5488
5567
5489
5568
5490
5569
5491
5570
5492
5571
5493
5572
5494
5573
5495
5574
5496
5575
5497
5576
5498
5577
5499
5578
5500
5579
5501
5580
5502
5581
5503
5582
5504
5583
5505
5584
5506
5585
5507
5586
5508
5587
5509
5588
5510
5589
5511
5590
5512
5591
5513
5592
5514
5593
5515
5594
5516
5595
5517
5596
5518
5597
5519
5598
5599
5521
5600
5522
5601
5523
5602
5524
5603
5525
5604
5526
5605
5527
5606
5528
5607
5529
5608
5530
5609
5531
5610
5532
5611
5533
5612
5534
5613
5535
5614
5536
5615
5537
5616
5538
5617
5539
5618
5540
5619
5541
5620
5542
5621
5543
5622
5544
5623
5545
5624
5546
5625
5547
5626
5548
5627
5549
5628
5550
5629
5551
5630
5552
5631
5553
5632
5554
5633
5555
5634
5556
5635
5557
5636
5558
5637
5559
5638
5560
5639
5561
5640
5562
5641
5563
5642
5564
5643
5565
5644
5566
5645
5567
5646
5568
5647
5569
5648
5570
5649
5571
5650
5572
5651
5573
5652
5574
5653
5575
5654
5576
5655
5577
5656
5578
5657
5579
5658
5580
5659
5581
5660
5582
5661
5583
5662
5584
5663
5585
5664
5586
5665
5587
5666
5588
5667
5589
5668
5590
5669
5591
5670
5592
5671
5593
5672
5594
5673
5595
5674
5596
5675
5597
5676
5598
5677
5599
5678
5679
5601
5680
5602
5681
5603
5682
5604
5683
5605
5684
5606
5685
5607
5686
5608
5687
5609
5688
5610
5689
5611
5690
5612
5691
5613
5692
5614
5693
5615
5694
5616
5695
5617
5696
5618
5697
5619
5698
5620
5699
5621
5700
5622
5701
5623
5702
5624
5703
5625
5704
5626
5705
5627
5706
5628
5707
5629
5708
5630
5709
5631
5710
5632
5711
5633
5712
5634
5713
5635
5714
5636
5715
5637
5716
5638
5717
5639
5718
5640
5719
5641
5720
5642
5721
5643
5722
5644
5723
5645
5724
5646
5725
5647
5726
5648
5727
5649
5728
5650
5729
5651
5730
5652
5731
5653
5732
5654
5733
5655
5734
5656
5735
5657
5736
5658
5737
5659
5738
5660
5739
5661
5740
5662
5741
5663
5742
5664
5743
5665
5744
5666
5745
5667
5746
5668
5747
5669
5748
5670
5749
5671
5750
5672
5751
5673
5752
5674
5753
5675
5754
5676
5755
5677
5756
5678
5757
5679
5758
5759
5681
5760
5682
5761
5683
5762
5684
5763
5685
5764
5686
5765
5687
5766
5688
5767
5689
5768
5690
5769
5691
5770
5692
5771
5693
5772
5694
5773
5695
5774
5696
5775
5697
5776
5698
5777
5699
5778
5700
5779
5701
5780
5702
5781
5703
5782
5704
5783
5705
5784
5706
5785
5707
5786
5708
5787
5709
5788
5710
5789
5711
5790
5712
5791
5713
5792
5714
5793
5715
5794
5716
5795
5717
5796
5718
5797
5719
5798
5720
5799
5721
5800
5722
5801
5723
5802
5724
5803
5725
5804
5726
5805
5727
5806
5728
5807
5729
5808
5730
5809
5731
5810
5732
5811
5733
5812
5734
5813
5735
5814
5736
5815
5737
5816
5738
5817
5739
5818
5740
5819
5741
5820
5742
5821
5743
5822
5744
5823
5745
5824
5746
5825
5747
5826
5748
5827
5749
5828
5750
5829
5751
5830
5752
5831
5753
5832
5754
5833
5755
5834
5756
5835
5757
5836
5758
5837
5759
5838
5839
5761
5840
5762
5841
5763
5842
5764
5843
5765
5844
5766
5845
5767
5846
5768
5847
5769
5848
5770
5849
5771
5850
5772
5851
5773
5852
5774
5853
5775
5854
5776
5855
5777
5856
5778
5857
5779
5858
5780
5859
5781
5860
5782
5861
5783
5862
5784
5863
5785
5864
5786
5865
5787
5866
5788
5867
5789
5868
5790
5869
5791
5870
5792
5871
5793
5872
5794
5873
5795
5874
5796
5875
5797
5876
5798
5877
5799
5878
5800
5879
5801
5880
5802
5881
5803
5882
5804
5883
5805
5884
5806
5885
5807
5886
5808
5887
5809
5888
5810
5889
5811
5890
5812
5891
5813
5892
5814
5893
5815
5894
5816
5895
5817
5896
5818
5897
5819
5898
5820
5899
5821
5900
5822
5901
5823
5902
5824
5903
5825
5904
5826
5905
5827
5906
5828
5907
5829
5908
5830
5909
5831
5910
5832
5911
5833
5912
5834
5913
5835
5914
5836
5915
5837
5916
5838
5917
5839
5918
5919
5841
5920
5842
5921
5843
5922
5844
5923
5845
5924
5846
5925
5847
5926
5848
5927
5849
5928
5850
5929
5851
5930
5852
5931
5853
5932
5854
5933
5855
5934
5856
5935
5857
5936
5858
5937
5859
5938
5860
5939
5861
5940
5862
5941
5863
5942
5864
5943
5865
5944
5866
5945
5867
5946
5868
5947
5869
5948
5870
5949
5871
5950
5872
5951
5873
5952
5874
5953
5875
5954
5876
5955
5877
5956
5878
5957
5879
5958
5880
5959
5881
5960
5882
5961
5883
5962
5884
5963
5885
5964
5886
5965
5887
5966
5888
5967
5889
5968
5890
5969
5891
5970
5892
5971
5893
5972
5894
5973
5895
5974
5896
5975
5897
5976
5898
5977
5899
5978
5900
5979
5901
5980
5902
5981
5903
5982
5904
5983
5905
5984
5906
5985
5907
5986
5908
5987
5909
5988
5910
5989
5911
5990
5912
5991
5913
5992
5914
5993
5915
5994
5916
5995
5917
5996
5918
5997
5919
5998
5999
5921
6000
5922
6001
5923
6002
5924
6003
5925
6004
5926
6005
5927
6006
5928
6007
5929
6008
5930
6009
5931
6010
5932
6011
5933
6012
5934
6013
5935
6014
5936
6015
5937
6016
5938
6017
5939
6018
5940
6019
5941
6020
5942
6021
5943
6022
5944
6023
5945
6024
5946
6025
5947
6026
5948
6027
5949
6028
5950
6029
5951
6030
5952
6031
5953
6032
5954
6033
5955
6034
5956
6035
5957
6036
5958
6037
5959
6038
5960
6039
5961
6040
5962
6041
5963
6042
5964
6043
5965
6044
5966
6045
5967
6046
5968
6047
5969
6048
5970
6049
5971
6050
5972
6051
5973
6052
5974
6053
5975
6054
5976
6055
5977
6056
5978
6057
5979
6058
5980
6059
5981
6060
5982
6061
5983
6062
5984
6063
5985
6064
5986
6065
5987
6066
5988
6067
5989
6068
5990
6069
5991
6070
5992
6071
5993
6072
5994
6073
5995
6074
5996
6075
5997
6076
5998
6077
5999
6078
6079
6001
6080
6002
6081
6003
6082
6004
6083
6005
6084
6006
6085
6007
6086
6008
6087
6009
6088
6010
6089
6011
6090
6012
6091
6013
6092
6014
6093
6015
6094
6016
6095
6017
6096
6018
6097
6019
6098
6020
6099
6021
6100
6022
6101
6023
6102
6024
6103
6025
6104
6026
6105
6027
6106
6028
6107
6029
6108
6030
6109
6031
6110
6032
6111
6033
6112
6034
6113
6035
6114
6036
6115
6037
6116
6038
6117
6039
6118
6040
6119
6041
6120
6042
6121
6043
6122
6044
6123
6045
6124
6046
6125
6047
6126
6048
6127
6049
6128
6050
6129
6051
6130
6052
6131
6053
6132
6054
6133
6055
6134
6056
6135
6057
6136
6058
6137
6059
6138
6060
6139
6061
6140
6062
6141
6063
6142
6064
6143
6065
6144
6066
6145
6067
6146
6068
6147
6069
6148
6070
6149
6071
6150
6072
6151
6073
6152
6074
6153
6075
6154
6076
6155
6077
6156
6078
6157
6079
6158
6159
6081
6160
6082
6161
6083
6162
6084
6163
6085
6164
6086
6165
6087
6166
6088
6167
6089
6168
6090
6169
6091
6170
6092
6171
6093
6172
6094
6173
6095
6174
6096
6175
6097
6176
6098
6177
6099
6178
6100
6179
6101
6180
6102
6181
6103
6182
6104
6183
6105
6184
6106
6185
6107
6186
6108
6187
6109
6188
6110
6189
6111
6190
6112
6191
6113
6192
6114
6193
6115
6194
6116
6195
6117
6196
6118
6197
6119
6198
6120
6199
6121
6200
6122
6201
6123
6202
6124
6203
6125
6204
6126
6205
6127
6206
6128
6207
6129
6208
6130
6209
6131
6210
6132
6211
6133
6212
6134
6213
6135
6214
6136
6215
6137
6216
6138
6217
6139
6218
6140
6219
6141
6220
6142
6221
6143
6222
6144
6223
6145
6224
6146
6225
6147
6226
6148
6227
6149
6228
6150
6229
6151
6230
6152
6231
6153
6232
6154
6233
6155
6234
6156
6235
6157
6236
6158
6237
6159
6238
6239
6161
6240
6162
6241
6163
6242
6164
6243
6165
6244
6166
6245
6167
6246
6168
6247
6169
6248
6170
6249
6171
6250
6172
6251
6173
6252
6174
6253
6175
6254
6176
6255
6177
6256
6178
6257
6179
6258
6180
6259
6181
6260
6182
6261
6183
6262
6184
6263
6185
6264
6186
6265
6187
6266
6188
6267
6189
6268
6190
6269
6191
6270
6192
6271
6193
6272
6194
6273
6195
6274
6196
6275
6197
6276
6198
6277
6199
6278
6200
6279
6201
6280
6202
6281
6203
6282
6204
6283
6205
6284
6206
6285
6207
6286
6208
6287
6209
6288
6210
6289
6211
6290
6212
6291
6213
6292
6214
6293
6215
6294
6216
6295
6217
6296
6218
6297
6219
6298
6220
6299
6221
6300
6222
6301
6223
6302
6224
6303
6225
6304
6226
6305
6227
6306
6228
6307
6229
6308
6230
6309
6231
6310
6232
6311
6233
6312
6234
6313
6235
6314
6236
6315
6237
6316
6238
6317
6239
6318
6319
6241
6320
6242
6321
6243
6322
6244
6323
6245
6324
6246
6325
6247
6326
6248
6327
6249
6328
6250
6329
6251
6330
6252
6331
6253
6332
6254
6333
6255
6334
6256
6335
6257
6336
6258
6337
6259
6338
6260
6339
6261
6340
6262
6341
6263
6342
6264
6343
6265
6344
6266
6345
6267
6346
6268
6347
6269
6348
6270
6349
6271
6350
6272
6351
6273
6352
6274
6353
6275
6354
6276
6355
6277
6356
6278
6357
6279
6358
6280
6359
6281
6360
6282
6361
6283
6362
6284
6363
6285
6364
6286
6365
6287
6366
6288
6367
6289
6368
6290
6369
6291
6370
6292
6371
6293
6372
6294
6373
6295
6374
6296
6375
6297
6376
6298
6377
6299
6378
6300
6379
6301
6380
6302
6381
6303
6382
6304
6383
6305
6384
6306
6385
6307
6386
6308
6387
6309
6388
6310
6389
6311
6390
6312
6391
6313
6392
6314
6393
6315
6394
6316
6395
6317
6396
6318
6397
6319
6398
6399
6321
6322
6323
6324
6325
6326
6327
6328
6329
6330
6331
6332
6333
6334
6335
6336
6337
6338
6339
6340
6341
6342
6343
6344
6345
6346
6347
6348
6349
6350
6351
6352
6353
6354
6355
6356
6357
6358
6359
6360
6361
6362
6363
6364
6365
6366
6367
6368
6369
6370
6371
6372
6373
6374
6375
6376
6377
6378
6379
6380
6381
6382
6383
6384
6385
6386
6387
6388
6389
6390
6391
6392
6393
6394
6395
6396
6397
6398
6399
)


// ************************************************************************* //
