10. 0. 0. 0. 0.375 14.855
10. 0. 0. 0. 0.375 14.855
10. 0. 0. 0. 0.375 14.855
10. 0. 0. 0. 0.375 14.855
10. 0. 0. 0. 0.375 14.855
10. 0. 0. 0. 0.375 14.855
10. 0. 0. 0. 0.375 14.855
10. 0. 0. 0. 0.375 14.855
10. 0. 0. 0. 0.375 14.855
10. 0. 0. 0. 0.375 14.855
10. 0. 0. 0. 0.375 14.855
10. 0. 0. 0. 0.375 14.855
10. 0. 0. 0. 0.375 14.855
10. 0. 0. 0. 0.375 14.855
10. 0. 0. 0. 0.375 14.855
10. 0. 0. 0. 0.375 14.855
10. 0. 0. 0. 0.375 14.855
10. 0. 0. 0. 0.375 14.855
10. 0. 0. 0. 0.375 14.855
10. 0. 0. 0. 0.375 14.855
10. 0. 0. 0. 0.375 14.855
10. 0. 0. 0. 0.375 14.855
10. 0. 0. 0. 0.375 14.855
10. 0. 0. 0. 0.375 14.855
10. 0. 0. 0. 0.375 14.855
10. 0. 0. 0. 0.375 14.855
10. 0. 0. 0. 0.375 14.855
10. 0. 0. 0. 0.375 14.855
10. 0. 0. 0. 0.375 14.855
10. 0. 0. 0. 0.375 14.855
